#mGo	mLSP	Total	TotGenW	CountsSMS	GenWeightSMS
1000	675	1835275	1835275.0	141405	141405.0
1000	600	1835275	1835275.0	141313	141313.0
1000	450	1835275	1835275.0	95251	95251.0
1000	300	1835275	1835275.0	94278	94278.0
1000	150	1835275	1835275.0	94966	94966.0
1000	0	1835275	1835275.0	92782	92782.0
1000	650	1835275	1835275.0	140627	140627.0
1000	500	1835275	1835275.0	94659	94659.0
1000	350	1835275	1835275.0	95399	95399.0
1000	200	1835275	1835275.0	93913	93913.0
1000	50	1835275	1835275.0	91236	91236.0
1000	700	1835275	1835275.0	142407	142407.0
1000	625	1835275	1835275.0	141083	141083.0
1000	550	1835275	1835275.0	94885	94885.0
1000	400	1835275	1835275.0	93673	93673.0
1000	250	1835275	1835275.0	93699	93699.0
1000	100	1835275	1835275.0	93699	93699.0
#mGo	mLSP	Total	TotGenW	CountsSMS	GenWeightSMS
1050	600	1886863	1886863.0	96025	96025.0
1050	725	1886863	1886863.0	138185	138185.0
1050	750	1886863	1886863.0	143622	143622.0
1050	500	1886863	1886863.0	95704	95704.0
1050	250	1886863	1886863.0	95925	95925.0
1050	150	1886863	1886863.0	95658	95658.0
1050	675	1886863	1886863.0	137889	137889.0
1050	700	1886863	1886863.0	138522	138522.0
1050	450	1886863	1886863.0	95266	95266.0
1050	200	1886863	1886863.0	95699	95699.0
1050	350	1886863	1886863.0	90915	90915.0
1050	650	1886863	1886863.0	138107	138107.0
1050	775	1886863	1886863.0	142804	142804.0
1050	400	1886863	1886863.0	95930	95930.0
1050	550	1886863	1886863.0	95573	95573.0
1050	300	1886863	1886863.0	95663	95663.0
1050	50	1886863	1886863.0	95376	95376.0
#mGo	mLSP	Total	TotGenW	CountsSMS	GenWeightSMS
1075	850	1583664	1583664.0	144154	144154.0
1075	700	1583664	1583664.0	144221	144221.0
1050	800	1583664	1583664.0	143338	143338.0
1075	750	1583664	1583664.0	143637	143637.0
1075	825	1583664	1583664.0	143905	143905.0
1075	675	1583664	1583664.0	143917	143917.0
1075	775	1583664	1583664.0	144378	144378.0
1075	800	1583664	1583664.0	144242	144242.0
1075	650	1583664	1583664.0	143920	143920.0
1050	825	1583664	1583664.0	143674	143674.0
1075	725	1583664	1583664.0	144278	144278.0
#mGo	mLSP	Total	TotGenW	CountsSMS	GenWeightSMS
1100	725	1914606	1914606.0	144524	144524.0
1100	450	1914606	1914606.0	92720	92720.0
1100	500	1914606	1914606.0	96466	96466.0
1100	750	1914606	1914606.0	144712	144712.0
1100	0	1914606	1914606.0	96069	96069.0
1100	250	1914606	1914606.0	96560	96560.0
1100	775	1914606	1914606.0	144493	144493.0
1100	300	1914606	1914606.0	96354	96354.0
1100	550	1914606	1914606.0	95864	95864.0
1100	600	1914606	1914606.0	93189	93189.0
1100	50	1914606	1914606.0	96167	96167.0
1100	100	1914606	1914606.0	96367	96367.0
1100	350	1914606	1914606.0	96324	96324.0
1100	400	1914606	1914606.0	94452	94452.0
1100	650	1914606	1914606.0	96385	96385.0
1100	700	1914606	1914606.0	145150	145150.0
1100	150	1914606	1914606.0	92917	92917.0
1100	200	1914606	1914606.0	95893	95893.0
#mGo	mLSP	Total	TotGenW	CountsSMS	GenWeightSMS
1125	825	1880024	1880024.0	144802	144802.0
1125	900	1880024	1880024.0	145349	145349.0
1125	800	1880024	1880024.0	144980	144980.0
1100	800	1880024	1880024.0	144308	144308.0
1125	850	1880024	1880024.0	145030	145030.0
1125	775	1880024	1880024.0	144737	144737.0
1100	825	1880024	1880024.0	144899	144899.0
1125	750	1880024	1880024.0	142347	142347.0
1100	850	1880024	1880024.0	144450	144450.0
1125	875	1880024	1880024.0	144963	144963.0
1125	725	1880024	1880024.0	144776	144776.0
1100	875	1880024	1880024.0	144172	144172.0
1125	700	1880024	1880024.0	145211	145211.0
#mGo	mLSP	Total	TotGenW	CountsSMS	GenWeightSMS
1150	300	1893818	1893818.0	97151	97151.0
1150	250	1893818	1893818.0	97494	97494.0
1150	0	1893818	1893818.0	97077	97077.0
1150	750	1893818	1893818.0	145546	145546.0
1150	500	1893818	1893818.0	97189	97189.0
1150	450	1893818	1893818.0	97031	97031.0
1150	200	1893818	1893818.0	97079	97079.0
1150	800	1893818	1893818.0	145792	145792.0
1150	150	1893818	1893818.0	97398	97398.0
1150	700	1893818	1893818.0	97053	97053.0
1150	650	1893818	1893818.0	96616	96616.0
1150	400	1893818	1893818.0	97244	97244.0
1150	350	1893818	1893818.0	97377	97377.0
1150	100	1893818	1893818.0	96632	96632.0
1150	50	1893818	1893818.0	97285	97285.0
1150	775	1893818	1893818.0	145849	145849.0
1150	600	1893818	1893818.0	97055	97055.0
1150	550	1893818	1893818.0	96950	96950.0
#mGo	mLSP	Total	TotGenW	CountsSMS	GenWeightSMS
1175	900	1850594	1850594.0	146523	146523.0
1175	875	1850594	1850594.0	146238	146238.0
1175	925	1850594	1850594.0	146603	146603.0
1150	925	1850594	1850594.0	145613	145613.0
1150	875	1850594	1850594.0	145602	145602.0
1175	750	1850594	1850594.0	102091	102091.0
1175	800	1850594	1850594.0	140632	140632.0
1150	900	1850594	1850594.0	146104	146104.0
1150	825	1850594	1850594.0	145666	145666.0
1150	850	1850594	1850594.0	145907	145907.0
1175	775	1850594	1850594.0	146344	146344.0
1175	850	1850594	1850594.0	146786	146786.0
1175	825	1850594	1850594.0	146485	146485.0
#mGo	mLSP	Total	TotGenW	CountsSMS	GenWeightSMS
1175	950	146387	146387.0	146387	146387.0
#mGo	mLSP	Total	TotGenW	CountsSMS	GenWeightSMS
1200	550	1863260	1863260.0	98198	98198.0
1200	400	1863260	1863260.0	97804	97804.0
1200	650	1863260	1863260.0	98163	98163.0
1200	100	1863260	1863260.0	98021	98021.0
1200	350	1863260	1863260.0	98082	98082.0
1200	200	1863260	1863260.0	98320	98320.0
1200	450	1863260	1863260.0	98157	98157.0
1200	700	1863260	1863260.0	98042	98042.0
1200	150	1863260	1863260.0	98212	98212.0
1200	0	1863260	1863260.0	97913	97913.0
1200	250	1863260	1863260.0	98418	98418.0
1200	500	1863260	1863260.0	97825	97825.0
1200	825	1863260	1863260.0	147075	147075.0
1200	750	1863260	1863260.0	97646	97646.0
1200	600	1863260	1863260.0	98104	98104.0
1200	800	1863260	1863260.0	146894	146894.0
1200	50	1863260	1863260.0	98365	98365.0
1200	300	1863260	1863260.0	98021	98021.0
#mGo	mLSP	Total	TotGenW	CountsSMS	GenWeightSMS
1200	875	1905118	1905118.0	147108	147108.0
1225	900	1905118	1905118.0	147337	147337.0
1225	925	1905118	1905118.0	145106	145106.0
1200	900	1905118	1905118.0	147271	147271.0
1225	1000	1905118	1905118.0	148060	148060.0
1200	925	1905118	1905118.0	146531	146531.0
1225	800	1905118	1905118.0	148045	148045.0
1225	825	1905118	1905118.0	147870	147870.0
1200	950	1905118	1905118.0	137603	137603.0
1225	875	1905118	1905118.0	147795	147795.0
1200	975	1905118	1905118.0	147394	147394.0
1225	850	1905118	1905118.0	147592	147592.0
1200	850	1905118	1905118.0	147406	147406.0
#mGo	mLSP	Total	TotGenW	CountsSMS	GenWeightSMS
1250	925	1902944	1902944.0	148396	148396.0
1275	1000	1902944	1902944.0	149092	149092.0
1250	700	1902944	1902944.0	99165	99165.0
1250	850	1902944	1902944.0	145207	145207.0
1275	850	1902944	1902944.0	149509	149509.0
1250	875	1902944	1902944.0	136104	136104.0
1275	1050	1902944	1902944.0	149299	149299.0
1250	800	1902944	1902944.0	86426	86426.0
1250	950	1902944	1902944.0	147416	147416.0
1275	875	1902944	1902944.0	149774	149774.0
1250	975	1902944	1902944.0	149022	149022.0
1275	1025	1902944	1902944.0	150002	150002.0
1250	750	1902944	1902944.0	98786	98786.0
1250	900	1902944	1902944.0	144746	144746.0
#mGo	mLSP	Total	TotGenW	CountsSMS	GenWeightSMS
1275	975	599432	599432.0	149921	149921.0
1275	900	599432	599432.0	149852	149852.0
1275	950	599432	599432.0	149306	149306.0
1275	925	599432	599432.0	150353	150353.0
#mGo	mLSP	Total	TotGenW	CountsSMS	GenWeightSMS
1300	250	1965572	1965572.0	91310	91310.0
1300	300	1965572	1965572.0	98326	98326.0
1300	150	1965572	1965572.0	99717	99717.0
1300	600	1965572	1965572.0	99809	99809.0
1300	450	1965572	1965572.0	98399	98399.0
1300	500	1965572	1965572.0	100363	100363.0
1300	1025	1965572	1965572.0	148973	148973.0
1300	350	1965572	1965572.0	97604	97604.0
1300	0	1965572	1965572.0	98944	98944.0
1300	650	1965572	1965572.0	100225	100225.0
1300	550	1965572	1965572.0	100364	100364.0
1300	1075	1965572	1965572.0	150759	150759.0
1300	200	1965572	1965572.0	96697	96697.0
1300	1000	1965572	1965572.0	146605	146605.0
1300	50	1965572	1965572.0	94899	94899.0
1300	1050	1965572	1965572.0	148781	148781.0
1300	100	1965572	1965572.0	98710	98710.0
1300	400	1965572	1965572.0	95087	95087.0
#mGo	mLSP	Total	TotGenW	CountsSMS	GenWeightSMS
1325	1025	1909780	1909780.0	151086	151086.0
1325	1100	1909780	1909780.0	151197	151197.0
1300	950	1909780	1909780.0	150532	150532.0
1325	900	1909780	1909780.0	150591	150591.0
1325	1050	1909780	1909780.0	150817	150817.0
1300	800	1909780	1909780.0	100627	100627.0
1300	925	1909780	1909780.0	149998	149998.0
1300	700	1909780	1909780.0	100620	100620.0
1325	1000	1909780	1909780.0	151314	151314.0
1325	1075	1909780	1909780.0	151540	151540.0
1300	850	1909780	1909780.0	99792	99792.0
1300	975	1909780	1909780.0	150501	150501.0
1300	900	1909780	1909780.0	150467	150467.0
1300	750	1909780	1909780.0	100698	100698.0
#mGo	mLSP	Total	TotGenW	CountsSMS	GenWeightSMS
1350	900	1928452	1928452.0	101209	101209.0
1350	50	1928452	1928452.0	101115	101115.0
1375	1000	1928452	1928452.0	152589	152589.0
1350	550	1928452	1928452.0	101452	101452.0
1350	700	1928452	1928452.0	101998	101998.0
1350	650	1928452	1928452.0	101093	101093.0
1350	800	1928452	1928452.0	101626	101626.0
1350	350	1928452	1928452.0	101647	101647.0
1350	500	1928452	1928452.0	101248	101248.0
1350	450	1928452	1928452.0	101707	101707.0
1350	600	1928452	1928452.0	101841	101841.0
1350	850	1928452	1928452.0	101161	101161.0
1350	950	1928452	1928452.0	152354	152354.0
1375	1025	1928452	1928452.0	152754	152754.0
1350	975	1928452	1928452.0	151608	151608.0
1350	400	1928452	1928452.0	101686	101686.0
1350	750	1928452	1928452.0	101364	101364.0
#mGo	mLSP	Total	TotGenW	CountsSMS	GenWeightSMS
1375	1075	1057949	1057949.0	152874	152874.0
1375	1125	1057949	1057949.0	153283	153283.0
1375	975	1057949	1057949.0	140649	140649.0
1375	1050	1057949	1057949.0	152604	152604.0
1375	1100	1057949	1057949.0	153318	153318.0
1375	950	1057949	1057949.0	152493	152493.0
1375	1150	1057949	1057949.0	152728	152728.0
#mGo	mLSP	Total	TotGenW	CountsSMS	GenWeightSMS
1400	350	2052880	2052880.0	102607	102607.0
1400	1075	2052880	2052880.0	154066	154066.0
1400	200	2052880	2052880.0	102776	102776.0
1400	1150	2052880	2052880.0	154107	154107.0
1400	400	2052880	2052880.0	102571	102571.0
1400	1125	2052880	2052880.0	154083	154083.0
1400	250	2052880	2052880.0	102587	102587.0
1400	100	2052880	2052880.0	102774	102774.0
1400	1000	2052880	2052880.0	153545	153545.0
1400	1175	2052880	2052880.0	154034	154034.0
1400	300	2052880	2052880.0	102966	102966.0
1400	1025	2052880	2052880.0	153793	153793.0
1400	150	2052880	2052880.0	102531	102531.0
1400	0	2052880	2052880.0	102885	102885.0
1400	1100	2052880	2052880.0	154011	154011.0
1400	1050	2052880	2052880.0	153544	153544.0
#mGo	mLSP	Total	TotGenW	CountsSMS	GenWeightSMS
1425	1000	1997487	1997487.0	154832	154832.0
1425	1075	1997487	1997487.0	154979	154979.0
1400	50	1997487	1997487.0	102589	102589.0
1400	850	1997487	1997487.0	98059	98059.0
1400	700	1997487	1997487.0	102175	102175.0
1400	550	1997487	1997487.0	102827	102827.0
1425	1025	1997487	1997487.0	155567	155567.0
1400	900	1997487	1997487.0	98107	98107.0
1400	750	1997487	1997487.0	102290	102290.0
1400	600	1997487	1997487.0	102201	102201.0
1400	450	1997487	1997487.0	103130	103130.0
1425	1100	1997487	1997487.0	155304	155304.0
1425	1050	1997487	1997487.0	155099	155099.0
1400	950	1997487	1997487.0	102901	102901.0
1400	800	1997487	1997487.0	102168	102168.0
1400	650	1997487	1997487.0	102706	102706.0
1400	500	1997487	1997487.0	102553	102553.0
#mGo	mLSP	Total	TotGenW	CountsSMS	GenWeightSMS
1425	1125	2061506	2061506.0	154730	154730.0
1450	1125	2061506	2061506.0	155599	155599.0
1450	1150	2061506	2061506.0	156007	156007.0
1450	100	2061506	2061506.0	103629	103629.0
1450	200	2061506	2061506.0	100273	100273.0
1450	1075	2061506	2061506.0	155853	155853.0
1450	1050	2061506	2061506.0	155856	155856.0
1425	1150	2061506	2061506.0	151395	151395.0
1450	1100	2061506	2061506.0	152865	152865.0
1450	1200	2061506	2061506.0	156171	156171.0
1425	1175	2061506	2061506.0	151568	151568.0
1450	1175	2061506	2061506.0	155790	155790.0
1450	0	2061506	2061506.0	104036	104036.0
1450	150	2061506	2061506.0	103974	103974.0
1450	1000	2061506	2061506.0	103760	103760.0
#mGo	mLSP	Total	TotGenW	CountsSMS	GenWeightSMS
1475	1075	1945371	1945371.0	152041	152041.0
1450	350	1945371	1945371.0	99184	99184.0
1450	900	1945371	1945371.0	99847	99847.0
1450	650	1945371	1945371.0	104215	104215.0
1450	400	1945371	1945371.0	104113	104113.0
1450	550	1945371	1945371.0	104250	104250.0
1450	300	1945371	1945371.0	103929	103929.0
1450	50	1945371	1945371.0	99238	99238.0
1450	950	1945371	1945371.0	99266	99266.0
1450	600	1945371	1945371.0	94433	94433.0
1450	750	1945371	1945371.0	104160	104160.0
1450	500	1945371	1945371.0	104218	104218.0
1450	250	1945371	1945371.0	104376	104376.0
1450	800	1945371	1945371.0	103861	103861.0
1475	1050	1945371	1945371.0	156478	156478.0
1450	850	1945371	1945371.0	103995	103995.0
1450	700	1945371	1945371.0	104023	104023.0
1450	450	1945371	1945371.0	103744	103744.0
#mGo	mLSP	Total	TotGenW	CountsSMS	GenWeightSMS
1500	1125	2101388	2101388.0	157926	157926.0
1500	100	2101388	2101388.0	105596	105596.0
1475	1100	2101388	2101388.0	157169	157169.0
1500	1150	2101388	2101388.0	158042	158042.0
1500	1200	2101388	2101388.0	157569	157569.0
1475	1175	2101388	2101388.0	156487	156487.0
1500	1175	2101388	2101388.0	158086	158086.0
1500	150	2101388	2101388.0	105414	105414.0
1475	1150	2101388	2101388.0	157221	157221.0
1500	1000	2101388	2101388.0	105062	105062.0
1500	1250	2101388	2101388.0	157720	157720.0
1500	0	2101388	2101388.0	105005	105005.0
1500	1050	2101388	2101388.0	105129	105129.0
1500	1100	2101388	2101388.0	158508	158508.0
1475	1125	2101388	2101388.0	156454	156454.0
#mGo	mLSP	Total	TotGenW	CountsSMS	GenWeightSMS
1500	50	2102187	2102187.0	105271	105271.0
1500	900	2102187	2102187.0	104866	104866.0
1525	1125	2102187	2102187.0	158543	158543.0
1500	350	2102187	2102187.0	104945	104945.0
1500	400	2102187	2102187.0	105116	105116.0
1500	650	2102187	2102187.0	104995	104995.0
1500	700	2102187	2102187.0	105050	105050.0
1500	950	2102187	2102187.0	101741	101741.0
1500	200	2102187	2102187.0	104843	104843.0
1500	850	2102187	2102187.0	105242	105242.0
1500	450	2102187	2102187.0	105866	105866.0
1500	500	2102187	2102187.0	105075	105075.0
1500	750	2102187	2102187.0	105315	105315.0
1500	800	2102187	2102187.0	105642	105642.0
1500	250	2102187	2102187.0	105230	105230.0
1525	1100	2102187	2102187.0	158816	158816.0
1500	300	2102187	2102187.0	105046	105046.0
1500	550	2102187	2102187.0	105336	105336.0
1500	600	2102187	2102187.0	105249	105249.0
#mGo	mLSP	Total	TotGenW	CountsSMS	GenWeightSMS
1550	1200	2076267	2076267.0	159514	159514.0
1550	1100	2076267	2076267.0	106988	106988.0
1550	100	2076267	2076267.0	106884	106884.0
1525	1175	2076267	2076267.0	159078	159078.0
1550	1150	2076267	2076267.0	159913	159913.0
1550	1000	2076267	2076267.0	106761	106761.0
1525	1150	2076267	2076267.0	159104	159104.0
1550	300	2076267	2076267.0	105964	105964.0
1550	250	2076267	2076267.0	106604	106604.0
1550	0	2076267	2076267.0	106643	106643.0
1550	1050	2076267	2076267.0	106843	106843.0
1550	1300	2076267	2076267.0	159380	159380.0
1550	1250	2076267	2076267.0	160280	160280.0
1550	1175	2076267	2076267.0	159444	159444.0
1550	200	2076267	2076267.0	106532	106532.0
1550	150	2076267	2076267.0	106335	106335.0
#mGo	mLSP	Total	TotGenW	CountsSMS	GenWeightSMS
1550	700	1815517	1815517.0	106229	106229.0
1550	650	1815517	1815517.0	106656	106656.0
1550	400	1815517	1815517.0	106507	106507.0
1550	350	1815517	1815517.0	106960	106960.0
1550	900	1815517	1815517.0	106525	106525.0
1550	50	1815517	1815517.0	106664	106664.0
1550	600	1815517	1815517.0	106866	106866.0
1550	550	1815517	1815517.0	106648	106648.0
1575	1150	1815517	1815517.0	161733	161733.0
1550	950	1815517	1815517.0	106059	106059.0
1550	800	1815517	1815517.0	107057	107057.0
1550	750	1815517	1815517.0	106209	106209.0
1550	500	1815517	1815517.0	106310	106310.0
1550	450	1815517	1815517.0	106842	106842.0
1575	1175	1815517	1815517.0	161118	161118.0
1550	850	1815517	1815517.0	107134	107134.0
#mGo	mLSP	Total	TotGenW	CountsSMS	GenWeightSMS
1600	150	2166990	2166990.0	54165	54165.0
1600	0	2166990	2166990.0	54068	54068.0
1600	550	2166990	2166990.0	54107	54107.0
1600	100	2166990	2166990.0	53985	53985.0
1650	1050	2166990	2166990.0	54688	54688.0
1600	1050	2166990	2166990.0	54052	54052.0
1600	600	2166990	2166990.0	53989	53989.0
1650	0	2166990	2166990.0	55147	55147.0
1600	1200	2166990	2166990.0	162589	162589.0
1600	1150	2166990	2166990.0	53994	53994.0
1600	1000	2166990	2166990.0	54038	54038.0
1600	700	2166990	2166990.0	54176	54176.0
1600	250	2166990	2166990.0	54049	54049.0
1600	1300	2166990	2166990.0	162443	162443.0
1600	850	2166990	2166990.0	53817	53817.0
1600	1100	2166990	2166990.0	54081	54081.0
1600	400	2166990	2166990.0	54133	54133.0
1600	650	2166990	2166990.0	54154	54154.0
1600	350	2166990	2166990.0	54368	54368.0
1600	200	2166990	2166990.0	53750	53750.0
1600	1250	2166990	2166990.0	162339	162339.0
1600	950	2166990	2166990.0	54431	54431.0
1600	800	2166990	2166990.0	54053	54053.0
1650	1000	2166990	2166990.0	54742	54742.0
1600	500	2166990	2166990.0	54030	54030.0
1600	750	2166990	2166990.0	54400	54400.0
1600	50	2166990	2166990.0	54483	54483.0
1650	100	2166990	2166990.0	54792	54792.0
1600	300	2166990	2166990.0	53863	53863.0
1600	1350	2166990	2166990.0	162126	162126.0
1600	900	2166990	2166990.0	53858	53858.0
1600	450	2166990	2166990.0	54080	54080.0
#mGo	mLSP	Total	TotGenW	CountsSMS	GenWeightSMS
1650	800	2160839	2160839.0	54490	54490.0
1650	950	2160839	2160839.0	54640	54640.0
1650	1250	2160839	2160839.0	164138	164138.0
1650	1400	2160839	2160839.0	164620	164620.0
1700	1200	2160839	2160839.0	51904	51904.0
1650	400	2160839	2160839.0	51262	51262.0
1650	850	2160839	2160839.0	54970	54970.0
1650	1300	2160839	2160839.0	160426	160426.0
1650	300	2160839	2160839.0	54849	54849.0
1650	750	2160839	2160839.0	51320	51320.0
1650	1200	2160839	2160839.0	54747	54747.0
1700	1100	2160839	2160839.0	55748	55748.0
1650	200	2160839	2160839.0	54936	54936.0
1650	350	2160839	2160839.0	54804	54804.0
1650	650	2160839	2160839.0	54783	54783.0
1650	1100	2160839	2160839.0	54586	54586.0
1650	250	2160839	2160839.0	54725	54725.0
1650	550	2160839	2160839.0	51125	51125.0
1650	700	2160839	2160839.0	54914	54914.0
1650	1150	2160839	2160839.0	54871	54871.0
1650	150	2160839	2160839.0	47741	47741.0
1650	450	2160839	2160839.0	54576	54576.0
1650	600	2160839	2160839.0	54634	54634.0
1700	1050	2160839	2160839.0	52013	52013.0
1650	900	2160839	2160839.0	54653	54653.0
1700	1150	2160839	2160839.0	56022	56022.0
1700	1000	2160839	2160839.0	55652	55652.0
1650	1350	2160839	2160839.0	164550	164550.0
1650	50	2160839	2160839.0	54782	54782.0
1700	100	2160839	2160839.0	55465	55465.0
1700	0	2160839	2160839.0	48676	48676.0
1650	500	2160839	2160839.0	54217	54217.0
#mGo	mLSP	Total	TotGenW	CountsSMS	GenWeightSMS
1700	1450	2223598	2223598.0	166605	166605.0
1700	700	2223598	2223598.0	55579	55579.0
1750	1200	2223598	2223598.0	56282	56282.0
1750	1250	2223598	2223598.0	56169	56169.0
1750	1000	2223598	2223598.0	56295	56295.0
1700	600	2223598	2223598.0	55534	55534.0
1750	0	2223598	2223598.0	56312	56312.0
1750	1150	2223598	2223598.0	56599	56599.0
1700	550	2223598	2223598.0	55514	55514.0
1750	100	2223598	2223598.0	56247	56247.0
1700	150	2223598	2223598.0	55604	55604.0
1700	1400	2223598	2223598.0	166727	166727.0
1700	450	2223598	2223598.0	55441	55441.0
1750	1050	2223598	2223598.0	56185	56185.0
1700	1350	2223598	2223598.0	166496	166496.0
1750	1300	2223598	2223598.0	56120	56120.0
1700	50	2223598	2223598.0	55393	55393.0
1700	900	2223598	2223598.0	51718	51718.0
1700	750	2223598	2223598.0	55622	55622.0
1700	300	2223598	2223598.0	55490	55490.0
1700	950	2223598	2223598.0	55485	55485.0
1700	1250	2223598	2223598.0	55567	55567.0
1700	500	2223598	2223598.0	55388	55388.0
1700	350	2223598	2223598.0	55437	55437.0
1700	800	2223598	2223598.0	55478	55478.0
1700	650	2223598	2223598.0	55686	55686.0
1700	200	2223598	2223598.0	55556	55556.0
1700	850	2223598	2223598.0	55412	55412.0
1700	400	2223598	2223598.0	55259	55259.0
1700	250	2223598	2223598.0	55422	55422.0
1750	1100	2223598	2223598.0	56453	56453.0
1700	1300	2223598	2223598.0	166523	166523.0
#mGo	mLSP	Total	TotGenW	CountsSMS	GenWeightSMS
1750	500	1517161	1517161.0	56279	56279.0
1750	450	1517161	1517161.0	56050	56050.0
1750	600	1517161	1517161.0	56099	56099.0
1750	150	1517161	1517161.0	56046	56046.0
1750	1350	1517161	1517161.0	169044	169044.0
1750	300	1517161	1517161.0	56111	56111.0
1750	1400	1517161	1517161.0	168569	168569.0
1750	250	1517161	1517161.0	55986	55986.0
1750	1450	1517161	1517161.0	168912	168912.0
1750	400	1517161	1517161.0	56311	56311.0
1750	750	1517161	1517161.0	56181	56181.0
1750	900	1517161	1517161.0	56220	56220.0
1750	50	1517161	1517161.0	56103	56103.0
1750	850	1517161	1517161.0	56081	56081.0
1750	200	1517161	1517161.0	56006	56006.0
1750	950	1517161	1517161.0	56127	56127.0
1750	550	1517161	1517161.0	56185	56185.0
1750	700	1517161	1517161.0	56174	56174.0
1750	650	1517161	1517161.0	56300	56300.0
1750	800	1517161	1517161.0	56437	56437.0
1750	350	1517161	1517161.0	55940	55940.0
#mGo	mLSP	Total	TotGenW	CountsSMS	GenWeightSMS
1800	750	2286622	2286622.0	57157	57157.0
1800	1400	2286622	2286622.0	170987	170987.0
1800	450	2286622	2286622.0	57072	57072.0
1800	300	2286622	2286622.0	57364	57364.0
1800	950	2286622	2286622.0	56544	56544.0
1800	0	2286622	2286622.0	56738	56738.0
1800	500	2286622	2286622.0	57189	57189.0
1800	350	2286622	2286622.0	57149	57149.0
1800	50	2286622	2286622.0	57167	57167.0
1850	1100	2286622	2286622.0	57697	57697.0
1800	1250	2286622	2286622.0	56750	56750.0
1800	1100	2286622	2286622.0	57085	57085.0
1800	800	2286622	2286622.0	57178	57178.0
1800	650	2286622	2286622.0	57272	57272.0
1800	1300	2286622	2286622.0	57066	57066.0
1800	1150	2286622	2286622.0	57058	57058.0
1800	200	2286622	2286622.0	57122	57122.0
1800	850	2286622	2286622.0	56863	56863.0
1800	700	2286622	2286622.0	57243	57243.0
1850	1000	2286622	2286622.0	58037	58037.0
1800	400	2286622	2286622.0	57225	57225.0
1800	250	2286622	2286622.0	57053	57053.0
1800	1450	2286622	2286622.0	171042	171042.0
1800	1000	2286622	2286622.0	57155	57155.0
1850	100	2286622	2286622.0	57953	57953.0
1800	550	2286622	2286622.0	57152	57152.0
1800	1200	2286622	2286622.0	57060	57060.0
1800	1050	2286622	2286622.0	57058	57058.0
1800	100	2286622	2286622.0	56888	56888.0
1800	600	2286622	2286622.0	57259	57259.0
1850	1050	2286622	2286622.0	57871	57871.0
1800	150	2286622	2286622.0	57039	57039.0
1850	1150	2286622	2286622.0	57544	57544.0
1850	0	2286622	2286622.0	57806	57806.0
1800	1350	2286622	2286622.0	56784	56784.0
1800	900	2286622	2286622.0	56995	56995.0
#mGo	mLSP	Total	TotGenW	CountsSMS	GenWeightSMS
1850	1400	2307681	2307681.0	57782	57782.0
1850	750	2307681	2307681.0	56115	56115.0
1850	800	2307681	2307681.0	57574	57574.0
1850	150	2307681	2307681.0	57891	57891.0
1850	1250	2307681	2307681.0	57866	57866.0
1850	200	2307681	2307681.0	57996	57996.0
1900	1300	2307681	2307681.0	57148	57148.0
1850	650	2307681	2307681.0	57752	57752.0
1850	50	2307681	2307681.0	57685	57685.0
1900	1250	2307681	2307681.0	58680	58680.0
1900	1150	2307681	2307681.0	58544	58544.0
1850	500	2307681	2307681.0	58041	58041.0
1850	950	2307681	2307681.0	57792	57792.0
1900	1400	2307681	2307681.0	56869	56869.0
1850	350	2307681	2307681.0	57745	57745.0
1850	1450	2307681	2307681.0	173547	173547.0
1850	400	2307681	2307681.0	57889	57889.0
1900	200	2307681	2307681.0	59100	59100.0
1900	150	2307681	2307681.0	55114	55114.0
1850	850	2307681	2307681.0	57758	57758.0
1850	1300	2307681	2307681.0	57526	57526.0
1850	250	2307681	2307681.0	56436	56436.0
1900	1050	2307681	2307681.0	58377	58377.0
1850	700	2307681	2307681.0	57936	57936.0
1900	1350	2307681	2307681.0	58580	58580.0
1900	1200	2307681	2307681.0	56742	56742.0
1850	1200	2307681	2307681.0	56158	56158.0
1850	550	2307681	2307681.0	57813	57813.0
1850	600	2307681	2307681.0	57869	57869.0
1900	0	2307681	2307681.0	58600	58600.0
1900	1100	2307681	2307681.0	58592	58592.0
1850	450	2307681	2307681.0	57918	57918.0
1900	100	2307681	2307681.0	58434	58434.0
1850	900	2307681	2307681.0	57822	57822.0
1900	1450	2307681	2307681.0	58503	58503.0
1850	1350	2307681	2307681.0	56434	56434.0
1850	300	2307681	2307681.0	56389	56389.0
1900	1000	2307681	2307681.0	58664	58664.0
#mGo	mLSP	Total	TotGenW	CountsSMS	GenWeightSMS
1950	1050	2340775	2340775.0	59241	59241.0
1950	1100	2340775	2340775.0	59434	59434.0
1950	1250	2340775	2340775.0	59392	59392.0
1950	150	2340775	2340775.0	59587	59587.0
1900	50	2340775	2340775.0	58433	58433.0
1900	350	2340775	2340775.0	58213	58213.0
1950	1150	2340775	2340775.0	59435	59435.0
1900	650	2340775	2340775.0	54379	54379.0
1900	950	2340775	2340775.0	54824	54824.0
1950	1350	2340775	2340775.0	59369	59369.0
1900	500	2340775	2340775.0	58544	58544.0
1950	0	2340775	2340775.0	58385	58385.0
1900	800	2340775	2340775.0	58400	58400.0
1950	450	2340775	2340775.0	59518	59518.0
1950	1000	2340775	2340775.0	56630	56630.0
1950	1450	2340775	2340775.0	59344	59344.0
1950	1200	2340775	2340775.0	59413	59413.0
1950	350	2340775	2340775.0	59342	59342.0
1950	100	2340775	2340775.0	59324	59324.0
1950	550	2340775	2340775.0	59319	59319.0
1900	450	2340775	2340775.0	58419	58419.0
1900	750	2340775	2340775.0	58628	58628.0
1950	1300	2340775	2340775.0	58897	58897.0
1900	300	2340775	2340775.0	54556	54556.0
1950	200	2340775	2340775.0	59470	59470.0
1900	600	2340775	2340775.0	58469	58469.0
1950	250	2340775	2340775.0	59164	59164.0
1950	400	2340775	2340775.0	59184	59184.0
1950	650	2340775	2340775.0	59304	59304.0
1950	500	2340775	2340775.0	59071	59071.0
1950	1400	2340775	2340775.0	59475	59475.0
1950	300	2340775	2340775.0	59225	59225.0
1900	700	2340775	2340775.0	58458	58458.0
1900	250	2340775	2340775.0	58471	58471.0
1900	550	2340775	2340775.0	54587	54587.0
1900	850	2340775	2340775.0	58740	58740.0
1900	900	2340775	2340775.0	59092	59092.0
1900	400	2340775	2340775.0	58345	58345.0
1950	50	2340775	2340775.0	59500	59500.0
1950	600	2340775	2340775.0	59194	59194.0
#mGo	mLSP	Total	TotGenW	CountsSMS	GenWeightSMS
1950	800	355766	355766.0	59352	59352.0
1950	750	355766	355766.0	59153	59153.0
1950	950	355766	355766.0	59475	59475.0
1950	700	355766	355766.0	59440	59440.0
1950	900	355766	355766.0	59218	59218.0
1950	850	355766	355766.0	59128	59128.0
